'Col1','35','30','25','20','15','10','5','0','25','210','215','220','225','230','235'
'5',31,25,19,13,7,1,-5,-11,-16,-22,-28,-34,-40,-46,-52
'10',27,21,15,9,3,-4,-10,-16,-22,-28,-35,-41,-47,-53,-59
'15',25,19,13,6,0,-7,-13,-19,-26,-32,-39,-45,-51,-58,-64
'20',24,17,11,4,-2,-9,-15,-22,-29,-35,-42,-48,-55,-61,-68
'25',23,16,9,3,-4,-11,-17,-24,-31,-37,-44,-51,-58,-64,-71
'30',22,15,8,1,-5,-12,-19,-26,-33,-39,-46,-53,-60,-67,-73
'35',21,14,7,0,-7,-14,-21,-27,-34,-41,-48,-55,-62,-69,-76
'40',20,13,6,-1,-8,-15,-22,-29,-36,-43,-50,-57,-64,-71,-78
'45',19,12,5,-2,-9,-16,-23,-30,-37,-44,-51,-58,-65,-72,-79
